  14441 35
  13103 36
  11130 37
   9022 38
   6778 39
   6435 40
   5592 41
   5012 42
   4472 43
   4590 44
   4435 45
   4288 46
   4324 47
   4290 48
   4233 49
   4169 50
   4226 51
   4336 52
   4308 53
   4304 54
   4423 55
   4458 56
   4650 57
   4898 58
   4924 59
   5030 60
   5127 61
   5153 62
   5263 63
   5274 64
   5178 65
   5204 66
   5485 67
   5379 68
   5491 69
   5639 70
   5687 71
   5764 72
   5531 73
   5472 74
   5404 75
   5279 76
   5751 77
   5577 78
   5576 79
   5546 80
   5456 81
   5692 82
   5868 83
   6003 84
   6376 85
   6545 86
   6750 87
   6897 88
   7157 89
   7628 90
   8134 91
   7954 92
   8238 93
   8637 94
  10158 95
  17103 96
  44539 97
 160147 98
  55323 99
 382835 100
5399928 101
