    422 35
    512 36
    562 37
    539 38
    567 39
    622 40
    606 41
    611 42
    618 43
    669 44
    610 45
    692 46
    617 47
    686 48
    709 49
    707 50
    786 51
    751 52
    809 53
    800 54
    864 55
    927 56
    951 57
    943 58
    941 59
   1003 60
   1062 61
   1116 62
   1151 63
   1230 64
   1292 65
   1310 66
   1442 67
   1538 68
   1619 69
   1753 70
   1901 71
   2059 72
   2131 73
   2250 74
   2246 75
   2250 76
   2535 77
   2647 78
   2833 79
   2882 80
   2992 81
   3066 82
   3132 83
   3382 84
   3684 85
   3949 86
   4013 87
   4256 88
   4537 89
   4957 90
   5391 91
   5310 92
   5530 93
   5775 94
   6685 95
  12302 96
  32308 97
 120579 98
  20249 99
 171649 100
5948502 101
